0 1 228
0 2 224
0 3 225
0 0 226
1 1 227
1 2 225
1 3 224
1 0 225
2 1 227
2 2 224
2 3 223
2 0 225
3 1 227
3 2 222
3 3 223
3 0 225
4 1 228
4 2 224
4 3 224
4 0 224
5 1 227
5 2 224
5 3 224
5 0 224
6 1 227
6 2 225
6 3 223
6 0 224
7 1 226
7 2 224
7 3 222
7 0 223
8 1 227
8 2 223
8 3 224
8 0 223
9 1 226
9 2 224
9 3 223
9 0 224
10 1 225
10 2 222
10 3 222
10 0 223
11 1 227
11 2 222
11 3 223
11 0 223
12 1 224
12 2 222
12 3 222
12 0 223
13 1 225
13 2 221
13 3 221
13 0 223
14 1 226
14 2 222
14 3 221
14 0 223
15 1 227
15 2 222
15 3 223
15 0 223
16 1 227
16 2 222
16 3 223
16 0 223
17 1 226
17 2 222
17 3 220
17 0 222
18 1 226
18 2 223
18 3 223
18 0 222
19 1 225
19 2 222
19 3 222
19 0 223
20 1 225
20 2 222
20 3 219
20 0 222
21 1 226
21 2 221
21 3 222
21 0 223
22 1 227
22 2 222
22 3 223
22 0 222
23 1 228
23 2 223
23 3 223
23 0 222
24 1 228
24 2 223
24 3 223
24 0 220
25 1 228
25 2 223
25 3 225
25 0 223
26 1 229
26 2 223
26 3 224
26 0 223
27 1 229
27 2 224
27 3 225
27 0 223
28 1 230
28 2 224
28 3 225
28 0 223
29 1 230
29 2 225
29 3 225
29 0 224
30 1 230
30 2 225
30 3 226
30 0 224
31 1 229
31 2 225
31 3 225
31 0 223
32 1 229
32 2 226
32 3 225
32 0 224
33 1 228
33 2 224
33 3 225
33 0 224
34 1 231
34 2 224
34 3 225
34 0 224
35 1 229
35 2 225
35 3 225
35 0 225
36 1 228
36 2 230
36 3 225
36 0 224
37 1 228
37 2 224
37 3 225
37 0 224
38 1 226
38 2 228
38 3 224
38 0 225
39 1 227
39 2 229
39 3 223
39 0 226
40 1 227
40 2 229
40 3 224
40 0 227
41 1 230
41 2 231
41 3 226
41 0 228
42 1 229
42 2 234
42 3 226
42 0 229
43 1 231
43 2 233
43 3 225
43 0 230
44 1 229
44 2 231
44 3 225
44 0 230
45 1 231
45 2 233
45 3 226
45 0 231
46 1 231
46 2 234
46 3 227
46 0 238
47 1 232
47 2 247
47 3 228
47 0 233
48 1 232
48 2 249
48 3 228
48 0 241
49 1 234
49 2 240
49 3 232
49 0 243
50 1 238
50 2 236
50 3 231
50 0 243
51 1 241
51 2 239
51 3 235
51 0 240
52 1 243
52 2 249
52 3 237
52 0 242
53 1 241
53 2 245
53 3 237
53 0 244
54 1 240
54 2 245
54 3 241
54 0 244
55 1 243
55 2 251
55 3 237
55 0 245
56 1 243
56 2 253
56 3 238
56 0 247
57 1 244
57 2 248
57 3 239
57 0 249
58 1 246
58 2 246
58 3 239
58 0 249
59 1 248
59 2 252
59 3 242
59 0 249
60 1 247
60 2 249
60 3 242
60 0 250
61 1 246
61 2 246
61 3 243
61 0 250
62 1 247
62 2 250
62 3 242
62 0 252
63 1 248
63 2 250
63 3 243
63 0 250
64 1 247
64 2 252
64 3 243
64 0 256
65 1 251
65 2 251
65 3 244
65 0 251
66 1 250
66 2 256
66 3 245
66 0 252
67 1 251
67 2 254
67 3 245
67 0 253
68 1 251
68 2 254
68 3 246
68 0 254
69 1 252
69 2 251
69 3 248
69 0 254
70 1 253
70 2 255
70 3 248
70 0 254
71 1 252
71 2 255
71 3 247
71 0 254
72 1 252
72 2 252
72 3 247
72 0 255
73 1 251
73 2 250
73 3 250
73 0 254
74 1 253
74 2 257
74 3 246
74 0 254
75 1 252
75 2 261
75 3 247
75 0 257
76 1 253
76 2 262
76 3 248
76 0 259
77 1 254
77 2 259
77 3 249
77 0 260
78 1 258
78 2 276
78 3 250
78 0 265
79 1 257
79 2 269
79 3 251
79 0 271
80 1 259
80 2 263
80 3 253
80 0 272
81 1 265
81 2 266
81 3 257
81 0 269
82 1 266
82 2 269
82 3 260
82 0 270
83 1 264
83 2 270
83 3 258
83 0 270
84 1 265
84 2 271
84 3 260
84 0 271
85 1 265
85 2 270
85 3 262
85 0 271
86 1 267
86 2 266
86 3 261
86 0 271
87 1 268
87 2 271
87 3 262
87 0 272
88 1 265
88 2 273
88 3 261
88 0 272
89 1 267
89 2 272
89 3 262
89 0 273
90 1 266
90 2 270
90 3 261
90 0 273
91 1 268
91 2 273
91 3 262
91 0 273
92 1 269
92 2 279
92 3 264
92 0 275
93 1 267
93 2 274
93 3 263
93 0 277
94 1 268
94 2 274
94 3 263
94 0 276
95 1 269
95 2 275
95 3 265
95 0 277
96 1 269
96 2 277
96 3 265
96 0 278
97 1 271
97 2 278
97 3 266
97 0 280
98 1 273
98 2 274
98 3 267
98 0 280
99 1 275
99 2 277
99 3 269
99 0 279
100 1 274
100 2 275
100 3 266
100 0 280
101 1 273
101 2 274
101 3 269
101 0 279
102 1 273
102 2 277
102 3 269
102 0 279
103 1 275
103 2 275
103 3 269
103 0 279
104 1 274
104 2 280
104 3 269
104 0 279
105 1 273
105 2 286
105 3 269
105 0 283
106 1 273
106 2 280
106 3 269
106 0 285
107 1 277
107 2 290
107 3 271
107 0 285
108 1 278
108 2 291
108 3 273
108 0 290
109 1 278
109 2 286
109 3 270
109 0 291
110 1 278
110 2 284
110 3 275
110 0 291
111 1 282
111 2 282
111 3 277
111 0 290
112 1 284
112 2 285
112 3 277
112 0 289
113 1 283
113 2 286
113 3 278
113 0 290
114 1 283
114 2 283
114 3 278
114 0 289
115 1 282
115 2 293
115 3 278
115 0 289
116 1 282
116 2 290
116 3 277
116 0 293
117 1 281
117 2 289
117 3 277
117 0 293
118 1 283
118 2 284
118 3 278
118 0 291
119 1 286
119 2 286
119 3 279
119 0 290
120 1 285
120 2 296
120 3 280
120 0 291
121 1 283
121 2 296
121 3 279
121 0 295
122 1 282
122 2 290
122 3 278
122 0 297
123 1 285
123 2 293
123 3 279
123 0 296
124 1 288
124 2 298
124 3 281
124 0 298
125 1 289
125 2 291
125 3 283
125 0 299
126 1 292
126 2 294
126 3 286
126 0 299
127 1 291
127 2 291
127 3 285
127 0 298
128 1 292
128 2 293
128 3 286
128 0 297
129 1 289
129 2 293
129 3 285
129 0 297
130 1 290
130 2 293
130 3 284
130 0 299
131 1 291
131 2 302
131 3 285
131 0 299
132 1 291
132 2 303
132 3 286
132 0 303
133 1 290
133 2 301
133 3 288
133 0 305
134 1 295
134 2 319
134 3 288
134 0 311
135 1 296
135 2 309
135 3 289
135 0 320
136 1 301
136 2 304
136 3 292
136 0 320
137 1 308
137 2 302
137 3 297
137 0 317
138 1 309
138 2 305
138 3 302
138 0 314
139 1 308
139 2 308
139 3 302
139 0 314
140 1 304
140 2 306
140 3 300
140 0 314
141 1 305
141 2 308
141 3 299
141 0 313
142 1 306
142 2 314
142 3 300
142 0 314
143 1 302
143 2 310
143 3 299
143 0 316
144 1 302
144 2 306
144 3 297
144 0 316
145 1 306
145 2 307
145 3 298
145 0 313
146 1 305
146 2 317
146 3 299
146 0 316
147 1 304
147 2 317
147 3 297
147 0 319
148 1 303
148 2 310
148 3 298
148 0 321
149 1 306
149 2 314
149 3 299
149 0 320
150 1 308
150 2 314
150 3 301
150 0 321
151 1 309
151 2 310
151 3 302
151 0 321
152 1 309
152 2 312
152 3 303
152 0 320
153 1 309
153 2 311
153 3 304
153 0 318
154 1 309
154 2 312
154 3 304
154 0 318
155 1 307
155 2 313
155 3 302
155 0 318
156 1 308
156 2 309
156 3 303
156 0 317
157 1 309
157 2 320
157 3 303
157 0 317
158 1 307
158 2 323
158 3 301
158 0 323
159 1 308
159 2 315
159 3 301
159 0 325
160 1 310
160 2 327
160 3 304
160 0 329
161 1 312
161 2 336
161 3 305
161 0 338
162 1 314
162 2 323
162 3 308
162 0 342
163 1 320
163 2 318
163 3 310
163 0 339
164 1 326
164 2 322
164 3 317
164 0 335
165 1 326
165 2 329
165 3 320
165 0 335
166 1 324
166 2 326
166 3 317
166 0 335
167 1 321
167 2 328
167 3 316
167 0 340
168 1 321
168 2 331
168 3 316
168 0 336
169 1 319
169 2 328
169 3 316
169 0 337
170 1 320
170 2 324
170 1 323
170 2 325
171 3 315
171 0 334
171 1 323
171 2 333
172 3 317
172 0 334
172 1 321
172 2 333
173 3 316
173 0 338
173 1 321
173 2 329
174 3 314
174 0 340
174 1 321
174 2 328
175 3 314
175 0 339
175 1 325
175 2 332
176 3 318
176 0 340
176 1 326
176 2 327
177 3 320
177 0 339
177 1 324
177 2 329
178 3 320
178 0 338
178 1 328
178 2 326
179 3 322
179 0 337
179 1 326
179 2 325
180 3 321
180 0 335
180 1 323
180 2 327
181 3 318
181 0 335
181 1 323
181 2 325
182 3 316
182 0 335
182 1 323
182 2 330
183 3 318
183 0 334
183 1 321
183 2 338
184 3 317
184 0 338
184 1 324
184 2 331
185 3 315
185 0 341
185 1 324
185 2 348
186 3 317
186 0 347
186 1 329
186 2 346
187 3 320
187 0 358
187 1 331
187 2 336
188 3 322
188 0 359
188 1 337
188 2 333
189 3 328
189 0 354
189 1 342
189 2 341
190 3 333
190 0 351
190 1 339
190 2 344
191 3 331
191 0 352
191 1 335
191 2 339
192 3 331
192 0 352
192 1 336
192 2 335
193 3 328
193 0 352
193 1 335
193 2 331
194 3 329
194 0 349
194 1 334
194 2 337
195 3 328
195 0 347
195 1 333
195 2 340
196 3 328
196 0 348
196 1 333
196 2 335
197 3 327
197 0 348
197 1 332
197 2 335
198 3 326
198 0 346
198 1 334
198 2 339
199 3 328
199 0 346
199 1 330
199 2 336
200 3 326
200 0 346
200 1 330
200 2 340
201 3 324
201 0 349
201 1 330
201 2 333
202 3 324
202 0 347
202 1 331
202 2 339
203 3 323
203 0 347
203 1 333
203 2 336
204 3 326
204 0 347
204 1 334
204 2 334
205 3 328
205 0 346
205 1 331
205 2 338
206 3 324
206 0 346
206 1 331
206 2 335
207 3 325
207 0 346
207 1 333
207 2 333
208 3 326
208 0 344
208 1 328
208 2 333
209 3 326
209 0 344
209 1 329
209 2 332
210 3 325
210 0 343
210 1 325
210 2 331
211 3 322
211 0 342
211 1 329
211 2 331
212 3 323
212 0 340
212 1 328
212 2 329
213 3 322
213 0 340
213 1 327
213 2 328
214 3 321
214 0 338
214 1 326
214 2 327
215 3 320
215 0 337
215 1 325
215 2 332
216 3 318
216 0 336
216 1 325
216 2 340
217 3 319
217 0 337
217 1 323
217 2 334
218 3 318
218 0 340
218 1 324
218 2 339
219 3 316
219 0 341
219 1 328
219 2 332
220 3 320
220 0 342
220 1 331
220 2 333
221 3 324
221 0 343
221 1 330
221 2 353
222 3 323
222 0 347
222 1 329
222 2 354
223 3 324
223 0 358
223 1 331
223 2 338
224 3 325
224 0 358
224 1 340
224 2 337
225 3 330
225 0 355
225 1 343
225 2 338
226 3 336
226 0 351
226 1 341
226 2 344
227 3 335
227 0 352
227 1 338
227 2 340
228 3 333
228 0 348
228 1 339
228 2 342
229 3 332
229 0 349
229 1 338
229 2 345
230 3 331
230 0 350
230 1 335
230 2 343
231 3 331
231 0 352
231 1 334
231 2 339
232 3 329
232 0 352
232 1 337
232 2 338
233 3 329
233 0 351
233 1 337
233 2 344
234 3 331
234 0 356
234 1 334
234 2 345
235 3 330
235 0 352
235 1 334
235 2 341
236 3 328
236 0 354
236 1 334
236 2 342
237 3 329
237 0 353
237 1 338
237 2 349
238 3 327
238 0 354
238 1 338
238 2 342
239 3 332
239 0 354
239 1 339
239 2 343
240 3 333
240 0 353
240 1 341
240 2 341
241 3 335
241 0 352
241 1 339
241 2 342
242 3 334
242 0 352
242 1 337
242 2 345
243 3 332
243 0 352
243 1 337
243 2 341
244 3 331
244 0 352
244 1 337
244 2 354
245 3 332
245 0 354
245 1 336
245 2 350
246 3 330
246 0 358
246 1 339
246 2 348
247 3 333
247 0 358
247 1 342
247 2 368
248 3 336
248 0 365
248 1 344
248 2 355
249 3 338
249 0 372
249 1 348
249 2 347
250 3 338
250 0 370
250 1 350
250 2 346
251 3 343
251 0 367
251 1 350
251 2 346
252 3 343
252 0 363
252 1 349
252 2 346
253 3 343
253 0 360
253 1 345
253 2 343
254 3 340
254 0 358
254 1 343
254 2 341
255 3 338
255 0 356
255 1 342
255 2 339
256 3 336
256 0 354
256 1 339
256 2 338
257 3 334
257 0 353
257 1 337
257 2 335
258 3 333
258 0 350
258 1 335
258 2 339
259 3 331
259 0 347
259 1 334
259 2 347
260 3 330
260 0 348
260 1 331
260 2 344
261 3 326
261 0 351
261 1 331
261 2 341
262 3 325
262 0 351
262 1 335
262 2 341
263 3 327
263 0 351
263 1 344
263 2 336
264 3 330
264 0 349
264 1 338
264 2 346
265 3 332
265 0 350
265 1 335
265 2 346
266 3 330
266 0 353
266 1 333
266 2 338
267 3 328
267 0 351
267 1 337
267 2 334
268 3 329
268 0 350
268 1 337
268 2 336
269 3 333
269 0 347
269 1 336
269 2 341
270 3 331
270 0 346
270 1 331
270 2 349
271 3 329
271 0 350
271 1 330
271 2 341
272 3 326
272 0 352
272 1 331
272 2 339
273 3 324
273 0 352
273 1 335
273 2 345
274 3 329
274 0 352
274 1 337
274 2 339
275 3 329
275 0 352
275 1 334
275 2 342
276 3 329
276 0 353
276 1 338
276 2 337
277 3 335
277 0 350
277 1 338
277 2 338
278 3 332
278 0 349
278 1 334
278 2 338
279 3 332
279 0 348
279 1 335
279 2 341
280 3 329
280 0 349
280 1 335
280 2 343
281 3 329
281 0 348
281 3 327
281 0 352
282 1 334
282 2 344
282 3 328
282 0 355
283 1 338
283 2 337
283 3 330
283 0 355
284 1 338
284 2 335
284 3 331
284 0 352
285 1 338
285 2 345
285 3 331
285 0 350
286 1 336
286 2 341
286 3 330
286 0 353
287 1 334
287 2 341
287 3 329
287 0 353
288 1 334
288 2 337
288 3 328
288 0 352
289 1 336
289 2 341
289 3 329
289 0 349
290 1 336
290 2 340
290 3 330
290 0 351
291 1 336
291 2 339
291 3 329
291 0 352
292 1 334
292 2 348
292 3 330
292 0 352
293 1 335
293 2 345
293 3 328
293 0 354
294 1 336
294 2 339
294 3 329
294 0 354
295 1 336
295 2 338
295 3 330
295 0 354
296 1 338
296 2 343
296 3 330
296 0 350
297 1 337
297 2 346
297 3 332
297 0 352
298 1 334
298 2 348
298 3 330
298 0 354
299 1 333
299 2 341
299 0 355
299 1 336
300 2 349
300 3 329
300 0 355
300 1 339
301 2 342
301 3 332
301 0 356
301 1 340
302 2 341
302 3 334
302 0 355
302 1 340
303 2 343
303 3 334
303 0 353
303 1 340
304 2 342
304 3 334
304 0 354
304 1 338
305 2 341
305 3 333
305 0 353
305 1 338
306 2 345
306 3 332
306 0 352
306 1 338
307 2 342
307 3 331
307 0 353
307 1 336
308 2 358
308 3 331
308 0 354
308 1 337
309 2 348
309 3 330
309 0 360
309 1 340
310 2 353
310 3 332
310 0 360
310 1 343
311 2 372
311 3 336
311 0 371
311 1 345
312 2 358
312 3 338
312 0 378
312 1 349
313 2 350
313 3 340
313 0 378
313 1 355
314 1 357
314 2 362
314 3 347
314 0 370
315 1 355
315 2 368
315 3 349
315 0 374
316 1 351
316 2 361
316 3 346
316 0 375
317 1 353
317 2 367
317 3 346
317 0 375
318 1 352
318 2 366
318 3 346
318 0 378
319 1 355
319 2 358
319 3 348
319 0 376
320 1 359
320 2 355
320 3 351
320 0 373
321 1 359
321 2 365
321 3 353
321 0 372
322 1 354
322 2 369
322 3 350
322 0 374
323 1 352
323 2 365
323 3 347
323 0 377
324 1 353
324 2 362
324 3 346
324 0 377
325 1 355
325 2 373
325 3 347
325 0 379
326 1 360
326 2 364
326 3 350
326 0 382
327 1 358
327 2 364
327 3 351
327 0 380
328 1 361
328 2 360
328 3 354
328 0 379
329 1 361
329 2 362
329 3 354
329 0 375
330 1 359
330 2 362
330 3 355
330 0 375
331 1 356
331 2 366
331 3 352
331 0 376
332 1 355
332 2 367
332 3 348
332 0 376
333 1 355
333 2 372
333 3 348
333 0 378
334 1 358
334 2 363
334 3 350
334 0 381
335 1 360
335 2 366
335 3 353
335 0 380
336 1 362
336 2 361
336 3 354
336 0 379
337 1 359
337 2 361
337 3 354
337 0 378
338 1 353
338 2 355
338 3 351
338 0 375
339 1 360
339 2 354
339 3 354
339 0 369
340 1 359
340 2 353
340 3 355
340 0 367
341 1 352
341 2 353
341 3 350
341 0 366
342 1 347
342 2 350
342 3 344
342 0 366
343 1 348
343 2 347
343 3 342
343 0 364
344 1 347
344 2 345
344 3 342
344 0 362
345 1 345
345 2 343
345 3 340
345 0 359
346 1 344
346 2 341
346 3 338
346 0 357
347 1 341
347 2 340
347 3 343
347 0 355
348 1 339
348 2 339
348 3 335
348 0 354
349 1 338
349 2 337
349 3 333
349 0 352
350 1 337
350 2 335
350 3 332
350 0 349
351 1 334
351 2 331
351 3 330
351 0 348
352 1 332
352 2 333
352 3 329
352 0 346
353 1 333
353 2 331
353 3 327
353 0 344
354 1 330
354 2 330
354 3 326
354 0 343
355 1 327
355 2 328
355 3 324
355 0 341
356 1 328
356 2 326
356 3 323
356 0 340
357 1 327
357 2 326
357 3 322
357 0 338
358 1 324
358 2 324
358 3 322
358 0 337
359 1 323
359 2 324
359 3 319
359 0 336
360 1 322
360 2 322
360 3 318
360 0 335
361 1 323
361 2 320
361 3 317
361 0 334
362 1 322
362 2 319
362 3 315
362 0 333
363 1 320
363 2 318
363 3 315
363 0 330
364 1 319
364 2 318
364 3 314
364 0 330
365 1 318
365 2 317
365 3 313
365 0 329
366 1 316
366 2 315
366 3 312
366 0 328
367 1 314
367 2 314
367 3 311
367 0 327
368 1 314
368 2 313
368 3 309
368 0 324
369 1 313
369 2 312
369 3 308
369 0 323
370 1 310
370 2 311
370 3 307
370 0 322
371 1 311
371 2 310
371 3 307
371 0 321
372 1 311
372 2 310
372 3 305
372 0 321
373 1 306
373 2 308
373 3 302
373 0 319
374 1 307
374 2 306
374 3 303
374 0 318
375 1 307
375 2 305
375 3 302
375 0 315
376 1 305
376 2 305
376 3 301
376 0 315
377 1 305
377 2 303
377 3 300
377 0 314
378 1 302
378 2 303
378 3 299
378 0 314
379 1 303
379 2 301
379 3 298
379 0 313
380 1 301
380 2 301
380 3 297
380 0 311
381 1 300
381 2 299
381 3 295
381 0 310
382 1 299
382 2 299
382 3 294
382 0 309
383 1 298
383 2 297
383 3 294
383 0 308
384 1 298
384 2 297
384 3 294
384 0 306
385 1 298
385 2 297
385 3 293
385 0 307
386 1 295
386 2 296
386 3 292
386 0 304
387 1 294
387 2 295
387 3 290
387 0 305
388 1 295
388 2 293
388 3 291
388 0 304
389 1 295
389 2 293
389 3 290
389 0 303
390 1 293
390 2 292
390 3 289
390 0 302
391 1 293
391 2 292
391 3 288
391 0 301
392 1 293
392 2 291
392 3 289
392 0 301
393 1 292
393 2 289
393 3 287
393 0 300
394 1 291
394 2 289
394 3 286
394 0 300
395 1 290
395 2 288
395 3 286
395 0 298
396 1 290
396 2 289
396 3 286
396 0 297
397 1 288
397 2 287
397 3 284
397 0 297
398 1 288
398 2 286
398 3 283
398 0 296
399 1 287
399 2 284
399 3 284
399 0 295
400 1 285
400 2 285
400 3 282
400 0 294
401 1 284
401 2 284
401 3 280
401 0 293
402 1 283
402 2 284
402 3 280
402 0 292
403 1 282
403 2 282
403 3 279
403 0 292
404 1 282
404 2 282
404 3 278
404 0 291
405 1 283
405 2 280
405 3 278
405 0 290
406 1 280
406 2 281
406 3 277
406 0 289
407 1 282
407 2 281
407 3 277
407 0 290
408 1 281
408 2 284
408 3 276
408 0 289
409 1 281
409 2 279
409 3 276
409 0 287
410 1 280
410 2 278
410 3 275
410 0 287
411 1 279
411 2 278
411 3 275
411 0 288
412 1 278
412 2 278
412 3 274
412 0 286
413 1 278
413 2 276
413 3 274
413 0 285
414 1 277
414 2 275
414 3 274
414 0 284
415 1 277
415 2 276
415 3 273
415 0 284
416 1 274
416 2 275
416 3 272
416 0 283
417 1 276
417 2 274
417 3 271
417 0 282
418 1 275
418 2 270
418 3 271
418 0 281
419 1 274
419 2 276
419 3 270
419 0 281
420 1 275
420 2 273
420 3 270
420 0 280
421 1 273
421 2 271
421 3 269
421 0 280
422 1 271
422 2 271
422 3 268
422 0 280
423 1 272
423 2 270
423 3 267
423 0 278
424 1 272
424 2 270
424 3 267
424 0 276
425 1 270
425 2 269
425 3 267
425 0 277
426 1 271
426 2 268
426 3 266
426 0 276
427 1 269
427 2 268
427 3 265
427 0 276
428 1 269
428 2 268
428 3 265
428 0 275
429 1 269
429 2 268
429 3 265
429 0 274
430 1 269
430 2 267
430 3 264
430 0 273
431 1 269
431 2 266
431 3 266
431 0 273
432 1 268
432 2 266
432 3 268
432 0 273
433 1 268
433 2 265
433 3 264
433 0 273
434 1 267
434 2 264
434 3 262
434 0 272
435 1 267
435 2 265
435 3 263
435 0 270
436 1 267
436 2 265
436 3 262
436 0 271
437 1 266
437 2 264
437 3 262
437 0 271
438 1 266
438 2 269
438 3 262
438 0 271
439 1 266
439 2 263
439 3 262
439 0 270
440 1 266
440 2 263
